K = 200;
S0 = 180;
T = 0.5;
r = 0.03;